x = [1 3 5]
y = [7 9 11]
z = [13 15 17]

a = [x;y;z]

x = [1; 7; 13]
y = [3; 9; 15]
z = [5; 11; 17]

b = [x(1:3) y(1:3) z(1:3)]