x1 = 5
x2 = -2
y1 = -3
y2 = 